37 60
478479905 503044992 291988149 452133505 76075557 387932643 889735183 450967 64011442 493613238 706489562 245164309 466646689 519585223 267654804 466259244 941030970 154724137 866484310 169666312 243444988 857763493 872894223 644265230 286303256 552198351 556847147 128115504 856716525 391956731 859276292 649398390 794823971 43818494 123027197 111478421 96426143
1 37
37 37
1 32
16 29
37 37
36 36
20 20
2 6
33 33
23 27
32 37
20 24
29 31
24 30
19 30
33 34
14 37
24 29
27 31
3 34
17 31
19 29
13 18
8 32
7 10
28 36
11 34
2 29
7 18
29 37
34 37
28 34
19 37
5 28
36 37
25 37
22 22
13 33
10 23
21 31
2 19
16 32
21 34
1 23
12 30
25 36
7 26
5 13
3 31
34 35
24 30
37 37
35 35
35 35
35 36
25 33
22 23
24 26
30 36
3 24
